R = 2.581;
L = 0.0281;
I = 0.0221;
c = 1.25;
b = 0.002953;

%% Moje
K_p_m = 103.5;
K_i_m = 60;
K_d_m = 2.85;
N_m = 7700;

%% Ku
% K_p = 115.2;
% K_i = 0;
% K_d = 0;
% N = 0;
%% ZN_PID_overshoot
K_p_o = 38.4;
K_i_o = 614.4;
K_d_o = 1.6;

%% ZN
K_p_zn = 69.12;
K_i_zn = 1105.92;
K_d_zn = 1.08;
